--- MNIST Baseline Model Classification Report ---

              precision    recall  f1-score   support

           0     0.9919    0.9980    0.9949       980
           1     0.9930    0.9965    0.9947      1135
           2     0.9885    0.9952    0.9918      1032
           3     0.9882    0.9941    0.9911      1010
           4     0.9949    0.9929    0.9939       982
           5     0.9833    0.9910    0.9872       892
           6     0.9958    0.9885    0.9921       958
           7     0.9931    0.9854    0.9893      1028
           8     0.9948    0.9908    0.9928       974
           9     0.9920    0.9832    0.9876      1009

    accuracy                         0.9916     10000
   macro avg     0.9915    0.9915    0.9915     10000
weighted avg     0.9916    0.9916    0.9916     10000
